$ANSIBLE_VAULT;1.1;AES256
63323364333938356261343662363631613534663437663238393837653836626133326331343464
6438383137376539383334616434313134323361373062380a346162313164323738343738386362
33363466396231306339333935346135663761316562396366383232336434363462316564653731
6136633561316663370a616664666561393931336433366432343232303332336466636536343065
62333139626535356432653434336465343561623437636461376630326539643563343765393963
30316363373133626562306133626262646337376664623237646539636531616266643537313437
63633938643931353162366366333938316665316535393061336631316433666164303232633335
33633736646463626539663232303033383731663237653466613030623535623139616533306363
30636632323362616534313730626139313161663136643232336133373265333737613435643166
38373261633436316464613133396235326230656233316636373133633863636433636135366331
61393566333361366236363933353730393261646238653934346130636138653961623766376164
32343762333865323038366436386265626637633334323061336363363164613237336139383137
31303761386231626265323935323239386665656536333134376333346438303164643332613632
34613664346639633432323939376162623662323366656132366439633839666236326238646133
39353437393533343264383761636637333965353565363131323930373964376463623638613863
35336632353938613336346237376131383664613633316534363338393833363634616130613563
33393939363734366132383965353966636562353435323764393162326435303737393334363734
32303836303632643030396633333432323664633833613636333536623734653039383530656361
37616233326636666161393331343961656130613664656265623862376561353862333032383632
39663538633238656563626534626335656565363764396662376362643563656230663962333338
35393765346132356430643533336665343933393833396338626436313165373863386539653733
37663937383635333463616639356238616164333261356134656266383162636163323435343362
39306261303562363830376238666430646231626263626365643430336631613131626637653637
37643765336265376664356163633365393332346566633266663561326366376638653931326233
6238
