$ANSIBLE_VAULT;1.1;AES256
61323736333536626538353566396664633638383562393630396266316131303166356131323465
6634663132616230363139373634363034333063616231300a393465326337623264333935636130
38363062623663333564663862313936653962643838303864373461653539326334313833643666
3866623930663762610a636438353066643034366434633366323637616639383263343765326438
61656532616463613430323235383064323630623063303432636130393465336361346261313461
33373262373030353566393735326461323630316632393530643937383464633534346432383866
66326139383366656662333564303234626131373630343437383430623464666566633332666433
31393263633664623133353738393332323238613161393639663335636464353963626634386465
61633930323966613665373431363533376265393230633335303266616430356530636465326465
33343734316462623536626236336565363664356531313838663666653632373037643839313762
61666661313731313062326635306330303531353861313566356664653931343164396532333339
38373031653733323764383862323336636430393230396561306131373561383330343130303264
65333831316632653964373363306638313263313664613431333263333365646265373661633965
61313534383063306336353432383237316563366565353462643131386135613861623433346666
35363938376633356139376339616231396338303764666430396130633765616136656139393735
34303731316365383834613934633134616363373561393633343739336631306631653263613834
34333466356437376263643634313336333730643664396533633530353234316664383832623234
65303964353832353431313164326230626434303564633666396561633763336564366665396433
37393433376265323962643632336664376135393065353361313738316130613766663062333330
61333330623761303163373331666433313663663766613531616231633637343762356134316362
64363161323536303237636666616338396665396563616163646138643333616130636361343064
63656361643236663763363361343134323632636239386266646465393931633732333433653539
62303964363636376539393138326332356538656238356137623532343466303764353939303330
61373566333730376236373834653933396232353664306136616266316362303231626431323630
63323339616637643830643865383334636262663633393261383264346633313631626136313437
32613331616533346332376662653062333335656461636533346139616565386164643737366539
32363465363036646430646138613935306565303938633136653335316433393536393532373765
66316631346564393033633631396634633639353230313065656533616264633561393134343363
64393836386163363866303361633364616365366538333333653738356166663539333462613464
38643562663066643365386261353463316534303938656666653934353365656262623062333132
62333234396366326665613364396430613932373837303333393235656233623235633538333236
64396230313333323133653466303839666161376139373464393636666163373361313539313265
33383265323862373136353132393539653137616234303765656533303838333231326631326563
63313034633836393234343533353462303437366437333439303766363839656566643164336535
35356362373037333565656633343433663532623165656263323164393638373838616136303731
38393237346639313230643830336161313538623438343561636563613030336564393432306137
37623361306162373932356136376632613539613939646661396465613933633164343963373135
38626664666537303065356666326664343033336663396432653964616662303330306463616337
35323533346531343731323063633636303333363033643035363264386134326366366637633236
33386238333431383938376262303865623336646432303832313865643030376531316636636562
64653234653139633333353435633333666630653962643938616636366262306439373738343630
61643833383965333634616433316437323630323231616661353139326134393135393832366262
34333236346362623432333736643035346239366135323565373535653438663465336332343861
35346263616132353833663762636565386438643633323739393762616364333761353331343738
39656562366564633536333731356530643439623461646138653533373764343635373235653430
63356231393332623539313661336364386365376231663833633237363439623432623561326534
31313638626262363437306335323762373239363534393861623265376561323534333536633037
66363835373865663733383164646261623030366163633263656162616362306133396239323664
65326665363831633932616434326333313034663038343464343139333838316466393066333932
37623433333962363232343439396632376533653066356330326361346565316131343032346263
38376535646531393430666539343038303538656533346236303634653532336333303132626665
34303530306333323533306331663965323961393237393761373566363763326266393935356638
36303664326239356333353461623930343232343165383330653364323164393531666236306334
32373739323865653838373037343166626638383231646562623133386364306466336161656464
35323262353861343931646332623630393230336564613531366164383134663431653935636662
63353162386262633431306638653066386561633131616264313839336562333932393563386661
33383864373638343432383737663430333461363836316631353830396438626463303036323336
65336538643431623064353538303262323165386666333132653733333133666662366438396463
37323566313638613866616133353133303235376431666165373461353337393862336162393662
35613632353963343363353338386432666362616562343861663939316535396430376361613363
64643163393037356563303464316230303162333833326262343837383864366365646261353064
62633137326361646434666164376462653261323963326430626131343862306632323964393961
64313434633539633861313634663135353161386339313364666661663237616363303062383937
38646664346130636531386330316236376338393930633033653234306234323563316534653639
66666432326462333237623935313435343161376161313363636338633333633866373930656661
65613434356262613938333832356637313833333937613732656535313463663237316232306135
62626163393831666265356665313832383862356534343464386439353861303935363263313961
63303063306632383663613663326438356333666564353035656463393963323438326562633066
39636634336133333361323464666335623534316132636464333162656130663461623865643035
66313937346439663538346538653261616266333639346633303837626361346263373564386533
63363362393532333638666133646261656332333562303833323263383531633166653365656139
36656161356333333136306637346665326362366133363263616639643235373636626166396161
30326136616134653832366132376634633432306338333238383964363166316139316232386663
62656230646333343438376566396236363536636266393930643266316538643865373339383862
39653864353738363938336230336133663730633161336239373966663964613665346438636562
66326434376233353837326361616333316137363866383333633466363737643463666333623632
61633631396161333933363334666164646264373933666136363630323335323062626335663166
62303439616535653835663631343737373432653339633765633330383465353164623263396263
37363730326262306433633966333863306435366433626562643238383966323765376137393732
30373865383461353335323634366135633462326130616564306665396664386635383534323933
65666233646264663366343634336638353333393136643736643738626138353630666133313232
63353564323961326233303533303261343439366664393230383463343661356664343033616339
38623435656161343231616339613764643030613131653935613531656163353135396431653239
34333464353734333438333235326265316661396263656539323534643563323335343064346462
30383861663032616132663531616364346435626333343061343636313866333463313833373665
35333931303933303665633661323765653932306138646463643137386666663161316639343837
31633036333034643837303931383565303333653435373739323039623161366166613865613464
39623138306438653263343837376539366631356236646137353136626336386434306638636362
32303334663334383530656530333436323836373965653765353032393766386130306332643037
31343533363631616663343732636139663133653962313265383564643732396362333866386330
66366162386231343333356161636261343465326638666266653031663936353433366635383962
64326235303364613839373231646538613439633966383634613661303131333265373737613266
61653665363436326664643963646565313534663831383732376630326231653838643964653832
34643661326631653939613063323332323134653437356362356465656334616433363066636561
61366664313662336366356530613966653938313136633930303437656362303239333233326537
33356437363534623036666137636633346563353062336332343864663634396430616335343238
62616131336362323138386333373439303136376563343632653662343735646463333163383637
37616231303465343535616339643339306131613931306632366430636137363634346332393161
32666338303966666337333164323236313931626363643134663563653530633863393930373565
64656534363833343263633165636633313734313530333630626234653530326364323231346266
34653964303832656164656465306362373264366332663133643966383161323537373638656535
30353262353436623533353162373664323130613230343266646365333466393832326366613765
35303066333561643863383661616634393061633936393964383635333335363362626237656531
62633066363232383839373861393434313836393664643363346630653063303637323534653238
63643433303864353338643339323734393866323561303030373739623533316663636562383635
31613036386466626439633566366361306638666334633237316438393462636562316463643562
35333061633134353433623562663930393532343632616566313835656261666237326564383336
34326632313638656265613837303835343363393530346666623261653635656538333230383533
37393164326437316635643133313365666261353665333232396235646632646461363037653362
31623130356561376466633633326465393636666536393861303635333962386165336235363830
63326233386536336238333732316664363034383664613661306439346434666138613565623133
66373465316162656632363630623261366561353439366637623266363231373633636466346565
66353633666138353461376634663834666361313830383661326433366339316264623931363061
34623833326235646565306331346266653230313833333563653764346461356132636139393034
36333531613036383637613633353936356638353134313065386565373165373462363337393038
64346139323837303264323535653464363463653761333034636236613334366236393539326165
38313432663363343861363566356239666137306532383431643932653664666631346131306162
61356666613038303263366231666330636339396536383863333232343838383866626366356261
30643564336537336532353864323135376637306365323464343732636664333235353630656364
37343438653039633034643963316134313762623839393838613230646631663736646461633034
38336161303934396635613439333630656632363366366333626138336632313430616632313737
30336530346163633830346638643730643235343138376365633534376637366439313837656532
63653164313237306138323962663430396232613963623030386530333238666237303666646538
61326163613030653338353939643337656265383637346466333365303066386530386265323266
64346236323766383462386537666630383930353863383337336632356530663530623765356434
62633334363266343135386165313464363837396430356236316135313035343564336334303538
34353937353335306339383136353962366233626337383439353139393365666633386462633261
30326331613361613662616236613063326164373430366533343639373630316162336334626363
62636266616136383334333363323065323533333732313064386261363330393532326333383730
37383865343661333863643566643332396439356661353038343332646537373336633562653163
62376232323665356133616438333861323830353565636165396234313764633835393432303363
30393735373535326430656336656535393763666632346164633637616332313231653338333066
30396666353832616133653331373762653962373964313333376230363233373939633065633934
37643530643237656466366132326434356335323461616238313739356235376534393731653538
62633864336633626235643165643064643164623234396335383530333634366330646364633130
36393435383430643336366562323831663666623333663134386162353034343666386139613463
61323366376538356662376631663130613861363636383938633430386266363937393636343434
36336463396139613261303332616135613664353361613235343536626566383236663937333165
38333833373833393332653835633462346361333566376534643736613432323663333937356633
35303364356136613536303738316163396330396336383238366432656138306534333862636462
31326663653832363631303536353366313237336563663861363462643433643431313734653334
62646134376138363434383536363464613764656233653730646166666430643133326332386134
32653534633233363666353736353035316262333064376262613563643164353862306661663037
35666230643766666239356266333064343035393562646462303933653834376335386665393932
61623337633439363733333137333466616136373966346430613838313365663666343931376233
61353761393535666239326539633730383032643430373135356162626662633638326435383731
36616230326430353430623830356233623735613630653262343666613738373833373936623835
35353366316466646330666239366132623536363764316132656234623339643762616536326563
32353632393032346265666131323136316331343465626437373932353165393839346562663534
39316365656161313433353639653739666565613439646661346133383930613964376434313234
32623833373931616363623965616165646432323162323464613930666666313731356162613237
38353931373633323962343765633235346337616330623535653337333866333261633837376630
62363934386633653235623730656636373138343538376236373061393632643132306431626361
64613565313833663432373831346438393036363430396434313137363437666161333164366366
39313265626530346666386361396533623333643164363235636261663263636562343630306131
39353236383839633061653662353866383935633161363830393465613933336430386435333939
38343661383230613939313338353338646139653030343935333233353939393565343465356237
62386331346238663566376332336565383034383163663433323964313065336165383864333861
37366565303331643732323861323662663734623932303166653638363035356639643338653730
36396664366338643638643463666230353764326533633763626539376439636261336561306639
65656561363831353330393439633132333961656533303338663163353562663836343831623961
37373364373164386262636564333033323666363466326339663637383232643136326134663563
38333530303032373837613065363635336439353532363736373837346132383438653132343332
30313736636133653738346238376163393234336334323862663634666230396132303133643564
38393734343231643466323933393637666263613939623263643937633865613932653135616135
39626235343733386361376237616465626336366136626233303062383538333462653037396566
35656261366339376334616661343638353165366161613533353537643632616663396562623835
65383661333536643530353832623861343166616236356464316635663461373633633432346264
63663864306338383263373037646266353062636131636661663232383839303932353962363766
37316561643435653463613734396333396130643432376363613639336131636536386138376364
38326531303432376438393266653665613563393131306334636137613764363566666439633234
36323261356534313530346462353035663835346130343164396535643665363339653333393036
61303336663833623662323234323832376431326137333130366134356236646464363232346231
35326430396332636631633431663637646264393732663634343561313238313632656565646436
36386638616335393432363436373364643637336539313763313164666662353131303936646435
65346236643163636234
