$ANSIBLE_VAULT;1.1;AES256
66356330393831336265396630363161356562386133373666653233303163343833643931333765
3465646165623361383638366137303563663535653364360a626165346432363435386537323633
64333836376232663638333061353337633662633166383936623561363436353563386638633035
6165306466343764370a653332633761656538363766643737323366613730346433363631353836
34633734353166623061313263353165383832303931656530636666393532663936373063343531
39313261616234353633666564663965653131643533313066336537336633386534396239333038
65363136326636303263336665306538323138303837303262396135643836386532613534626166
35313261373035363761333432376332323164366466363666383966616539623661656132353234
32353538346232313935623931663636303735303864356661356230333239386566376166646535
31643939383839626463306463616665373836306433636465663939353833366537646134313034
63343963656137653366613334356330333962313533646637323831303162653061383130363261
61653563646534303935396534356334663963343530613064366361623636313533366434626230
65373063393066663533613435383938313564383339626163326166323363346264653531316566
31396633663535646533363438356530626136333363323566366635373033316538336462623532
35613836616130343161303366376439646465386531353864383532363133663666353434363738
61323063363562616237356562633137353763326539636563633033613030363336373237643837
39656339386138313065666533346661313633643738376461366335623832303761366430376330
38323138326637373631343263316233636661363634373537323434356334376234383633616635
39646363376532313164363338663138366636623865313438653738633365356235363965656238
62653537376333373335346130303761313762663634346465653762303533323331353239343564
30343764353339666432313732396138373164646530303037623965653930383435356566653138
36323733346430366631303531623538393532643961643537333036333662653233316562643961
32653962346534326131633338643866663134393038623064636639633231316564383338356530
66616361633964326439333430323633346664386539393232306536613238383239373039363664
64316132653533346162623163623139396562396233623833663866316130326238303638336139
31653530333966306136623339656263363838363562313461616362366536323935393163376530
63353034383333366233636137623630363836353331646634613333643266326532623531376139
64616461656334303930653330313730363831643138383838626661623738636631346439396238
38613836353637643436393033616132623938366335313438663438326332356166666665623139
62646232396430373162353030386162333761653039633731636164303732333437353461393536
32356637393961336561663661623662613933363865353134663031646337363566393737623762
37393638626236653739333634393766633063346462303365623834383839333031326239353465
34643636346233376138346236656535373230396333333961363035613761346332343762396132
33333134626164656262636338356237393031323430633164316130373733363334666262363530
36323033386363393530656266333234663566313066613932313339343335393564373066623965
63616539343131323334366236666263636431633231376135626231656332346534646433646135
65303037623562376637343335623930383764633636646235326539393336653837653332306161
30323362616137376432333335656362316333363564636562626436303161653464653436386264
61643837393763633430636439613462393466363563366138373530376463353330306232306266
37333337326662303136613464643164316336656231333934396239363963303832373962316438
32373235376166653535333666623865376461333638653462363565373062343032646363303239
37346436366361363434626264373462363062653265333966326133383133306132393966653433
33646137346163353034613139396564363362363535656331303364383739393237396139663833
36663738343262303633626532396639663536326364633631333061353635363637336336633065
30353131613966626433336238306465643834326363356237313533353866636231326465626635
30306462613934333835653465333438366430303737323835666361636533373766616363653462
39323837656237343966613336666162336332613561323338306230383836643136383833313831
65336438343730336238643362373631376662393339343764656130616664363837643566633366
34363865616266386561663662346464323539326339333466333533613537363338346165306163
35623935386538636163383233353064366365663463326131633262653566393466343938386630
33616339623338363665663063613738313132383661383837653263326264656237343834393137
30663561323134383335636134613039663932633133653761633436316136303363643064356265
39666639666335353838333336363935646637306439646464343335363762326162663966646333
36353430343264663362623239373038326430343331396130303632323963313230663232663263
66636666643862613736636164386438333262626631653531343461376566343665363663393134
33656432323836653337366431653263633738626430613861653234316266343837636338356438
32393166356633653664363764333339663935383436646133643035623232333565666130313336
36386431636432303938333630623531626636653664616237303162383461353939633963623266
30623162666332303665356665663734336231333836613865633934396565356130323139646263
36633330386536326538636237343339633536646535383263326433646638363435623137366136
30303534396162613137623666333166336431363961393431343132646531393934303535336162
62346364323563656334653234353933383861323037396633356139653866393163383565383334
39353533656330356236306138333430383561363162363337343561613438373865366266363235
39363064323837386531646137313231643534616331396262363135303634316363393233343134
31663465313432393164643764326562633965366564383561313439376535323763303239616537
31313566663463643437366363376531393864646439623362613761373036326566643064386539
38623634336666626131333134363438326632623265653166306331666531366533313962343731
38383336393135303236663062356131303465393262373731363735303533656366306332623332
35303963633330313539333430303633313564383665313533323565366362656137343333653832
36343130363931333733383033613566626631383333373062663737643032363430366164663963
64366566666638356630353430613432343739623539353034396536343336623062383661653835
32326138643765623938666630363934613937363064613839663132613830633932663831333564
35303366646233343033363733383533313161343933646236623164666631653635343530623061
33633936623131626130613665313035636161633566646438396662613866643730376163326537
62633961383133616537303737386336393263356662643834393430323930616539326137343164
62666433393837373564373661646636316430353531383830643330386639303238336330366330
30386238636330343630376662333963373531363363663731646533393534343664633438336234
31643238656333343966386636353335346537393835373634323930616631643735323338653032
64343664396231666138613132633437333233393265346236323834613365656632306663323264
34323861333163366261626139356134663637386234323936336262396565383664306433653931
63366534346436353439363031373335306531333335393264343965346230643764303437363063
38353637356663323065346339666535333233373164646337373365666565393564653663313339
61316132326438333332363034616139343065333961326339356439353666323736333632303066
30396637333562666535663639633065613363323961363865383730613732376631323761313830
32303965366662303161333161663861313165323061653731326434313965366265633333383438
61613863333939366137646237623535303637343761353034366138663333393037366266316337
30306337353630313665313033613064626538353036363639373236353865636264323461653133
61383236336135316139383566656262393665646538383966636665356662666235363265363364
37633462333932323731626130653831353131656563656535303863666533306431633339613463
33333861376633646636366161306633353339646133323438336136623962626338653935653038
31383737623162386464383930336261613536343535643634376136623732656132633462353534
39393430396366366334336165356364353738666366623632663738333031313764343533336464
36393039626432653666653632303832383032383734353330373539393739373463396164396636
39666333363637653861333833306333373865643931393238333762343337353134666338623030
30363863313335376134646466353835353665643334383730383532363066396532383666383166
38633161613466333766623466396535336662306665376263653335356236313734396235303632
34643537316130396238613438636263346535333335376565346665646331393462663837666365
66623034643039353365663861333766656535303737643461656335363065353533666539396532
36313936336435373339643163383831366536653034663731626637333234336535636133336631
33323432636163326165613539646636326432623833343263646234373261303732316430393534
61373237373830343933333736343937383534613039346566343030656132323635336331373034
35346238626130396438656363333837643434636139646233363066613161303264303664646262
64656431633165613565383336346633666636336336316434373430383563303032616339653463
66386339636134386535346133333362336433393832623230653330656662326537393837616161
37646631656330313666333836643235363861313638626636333834666533336639343835393535
38643966613963396232613961616232633132636330656530663465613131366665663637333063
32303234323234383031663434336531623666353066353965666233393830316632643363383061
39313732613135626230616238383062396666646137633233663963313136636366643438373162
61393430656561623734313863313966363738373863303033306334336434373735623934303835
63303364626463646134313936336633313633636237626534613266613931373766393165386162
65633731396331393032386462626332363362363634633031373739373038636566643464666335
66626662643435306564353839303539383662366538653730323932653036366337326238363036
64616638393538613333323836633235343933313235633861346234366265666363376164356133
64343531626130653732366634613462616533303833346231643065633238303965393531303065
35386263313831363733623438373831333137386134306464353137633239653666386332333861
61323732616132633630613564376536316632333233303237663664633237383931353231306165
66376431656365356664346430376561386334646134313639313436623961323466343439636331
38653332363265613064636330303464346637666135643461613038313339303834303836383631
61623938646238396465346339386232313438346333303730393062333664366465303139306239
36363465636131383931313463353337383466316263333465353064303739303138613433326265
39633166663833613366326533363963303664306237626235636666383861633134313465303731
64383335633536316238343736643065373133613563363232316566623635353965313364376535
36613235333434346461666134626132383438356461393266303364323835623734336532363537
33633664633131653663663765383837356165323063353539636165653464346535336164303430
62633761356434386434343838623533303061666435303066373139393165323330356465623835
61633262356235306664333336373334666537353735303632646439616436303362326564336662
34383431303461366532666666346433363137386337333636336331376336623231386134326361
32383866393736346532643432303736656664313666383066383533663538653863353761363830
63663334343464323239653135376130313863666334353565623361653036323832626665366365
35386533386365303861333965346263336565356139393631643235616339303433323933653262
34356564636138626134376263376561636134333630663032313339386335383032353338633338
33356435303062326536306339656335366662616266633330366132643330336331663864623565
63353232386364356334616264383134633966646164313561353334623663373039636232376533
62633063383264386232626536393438376432333838666632376434353137613838396665326134
61636162343365316561396238313265643132626363396530386231666135346335326166333538
63316234353532646266383030363065333661626637366364343539396266306532366663616330
33663533396432646538333161666139643365333363326331353637653133633139343730636236
66633836303464376637306631383630343931666164663664613762383162376437666463376162
63313536373933303166616566643131616333396165616361323064313462353964333666376236
33336261303464326134313735356666323838636138306335653736626630373839306364323037
65316233636663343435323830393634326632306137646236383732656464393431393135333132
64323933663439633565383438376137643363386362313138616630626332363063363664626334
39633565336264653831666163363361656138366336353130386539303037643333613735616434
37396335343133316666646462356363616236316566326233366464643733623964326362316561
39663764643564323339393330616438623038336632383761386536643261326330313934623135
39396133613566346233623632663733343336663165633164373461353639373538663636633539
31366134366137363232623962353932666237616262343834336430303964633336623338663133
64343966393530623862326661623766333635323863633431383833666236396532303063643533
37383465623133336138303538323739653163313634363163303861363462353336366164356231
66363230383361336233363465356466346632306261616562323339333363623231366639323332
32633765646465323930636238333738633437333463613937336333646538623633643862643234
39666665386462316163393535646538333361656236616636393561653639663966623936383837
66373465613831643662626134373330633736313666666562393537373166646436336538336166
31323839316532633061373837396464393135313134306332643863623436616336313933316165
63636662646437323762613137623662643364656464653463303231383230313638356463303863
62333035376430663233633535613865643837333633643662656565313439363564396434356635
31613533646631356165363439323134646338313339643666313136386666396535373361613366
62633131333938343265336561336138303135373364383464316565656263626366333135373762
34353130623630356130363435336538303035363334373635333735633138336332373035663035
35626564353032306433306662353331383238313263353766616238636634383839653735656536
37353837383535323632653831373066316465333534643261666433306263363362643264343766
30666630366431313532353537383330643466623737623366333138613534353935656363383838
39386166343064663036363234636232633934343061663530623063346537326466623835616133
32613734393034383163623663336536343535623664666564343961623839326639303339303730
34363862303763616639663933333239303365323262333539623432643266346562383738613962
66336463336333353966353138346231353062623330373765313336373233613038326163636365
61636434306436356562353633336133396236616166636534323231383466663337333162663838
35303538333362376534663739663461323866363964616432313134386135336136656131343765
34323864356630363132376261656138653637633364393666343037396630323737323535336262
65653136653337376666663933613034333061623735343061663736656638376138656261363562
34323639393437313639346130616539323033353362636632396338623935306236393437613137
35666366313639633263633634663935666431356337643532373434313533323365613762623639
32333139376232373461366639643163366330643562333430363532313235343336303564376362
31653163643935376631643637373038653934383933343063373435303535333738383137626466
33303931376537663164386236353238353437386231373136616534323031346566353532336339
38356266633133343431
